%YAML:1.0

#--------------------------------------------------------------------------------------------
# Viewer Parameters
#--------------------------------------------------------------------------------------------
# Viewer.on: 1 is ON, 0 is OFF
Viewer.on: 1

Viewer.KeyFrameSize: 0.05
Viewer.KeyFrameLineWidth: 1
Viewer.GraphLineWidth: 0.9
Viewer.PointSize: 1
Viewer.LineSize: 1
Viewer.CameraSize: 0.08
Viewer.CameraLineWidth: 3
Viewer.ViewpointX: 0
Viewer.ViewpointY: 0
Viewer.ViewpointZ: -1.8
Viewer.ViewpointF: 500

Viewer.ViewpointYtop: -4.0

#--------------------------------------------------------------------------------------------
# Camera Parameters.
#--------------------------------------------------------------------------------------------
Camera.type: "PinHole"

# D: (k1, k2, t1, t2, k3)

#     [fx  0 cx]
# K = [ 0 fy cy]
#     [ 0  0  1]
# Camera calibration and distortion parameters (f & c from rosNode)


# $ rostopic echo /oak/rgb/camera_info
# header: 
#   seq: 5577
#   stamp: 
#     secs: 1702822925
#     nsecs: 684588382
#   frame_id: "oak_rgb_camera_optical_frame"
# height: 800
# width: 1280
# distortion_model: "rational_polynomial"
# D: [22.44871711730957, -31.197345733642578, 0.0005211468087509274, 0.0008370006107725203, 10.014442443847656, 21.85323715209961, -29.477294921875, 8.749837875366211]
# K: [799.9114990234375, 0.0, 621.0980834960938, 0.0, 799.2045288085938, 415.0484619140625, 0.0, 0.0, 1.0]
# R: [1.0, 0.0, 0.0, 0.0, 1.0, 0.0, 0.0, 0.0, 1.0]
# P: [799.9114990234375, 0.0, 621.0980834960938, 0.0, 0.0, 799.2045288085938, 415.0484619140625, 0.0, 0.0, 0.0, 1.0, 0.0]
# binning_x: 0
# binning_y: 0
# roi: 
#   x_offset: 0
#   y_offset: 0
#   height: 0
#   width: 0
#   do_rectify: False

# rostopic echo /oak/stereo/camera_info   <= referring to this for the stereo depth 
# header: 
#   seq: 241
#   stamp: 
#     secs: 1702822747
#     nsecs: 403395194
#   frame_id: "oak_rgb_camera_optical_frame"
# height: 800
# width: 1280
# distortion_model: "rational_polynomial"
# D: [0.0, 0.0, 0.0, 0.0, 0.0, 0.0, 0.0, 0.0]
# K: [799.9114990234375, 0.0, 621.0980834960938, 0.0, 799.2045288085938, 415.0484619140625, 0.0, 0.0, 1.0]
# R: [1.0, 0.0, 0.0, 0.0, 1.0, 0.0, 0.0, 0.0, 1.0]
# P: [799.9114990234375, 0.0, 621.0980834960938, 0.0, 0.0, 799.2045288085938, 415.0484619140625, 0.0, 0.0, 0.0, 1.0, 0.0]
# binning_x: 0
# binning_y: 0
# roi: 
#   x_offset: 0
#   y_offset: 0
#   height: 0
#   width: 0
#   do_rectify: False


Camera.fx: 799.9114990234375
Camera.fy: 799.2045288085938
Camera.cx: 621.0980834960938
Camera.cy: 415.0484619140625

# NOTE: if you use  rectified  image the distortion params should be set to zero!
# see https://github.com/raulmur/ORB_SLAM2/issues/293
Camera.k1: 0.
Camera.k2: 0.
Camera.p1: 0.
Camera.p2: 0.

Camera.width: 1280
Camera.height: 720

# Camera frames per second
Camera.fps: 30.0

# IR projector baseline times fx (aprox.)
# baseline
Camera.bf: 50.

# Color order of the images (0: BGR, 1: RGB. It is ignored if images are grayscale)
Camera.RGB: 1

# Image scale, it changes the image size to be processed (<1.0: reduce, >1.0: increase)
Camera.imageScale: 0.5 # 0.5 #0.7071 # 1/sqrt(2)

# Camera.waitCameraInfoOn: 1 is ON, 0 is OFF (before starting mapping wait for CameraInfo)
Camera.waitCameraInfoOn: 1

# Close/Far threshold. Baseline times.
ThDepth: 40.0

# Depthmap values factor
DepthMapFactor: 1000.0

#--------------------------------------------------------------------------------------------
# Features Parameters
#--------------------------------------------------------------------------------------------

# if true ORBextractor.nFeatures will be decreased by Line.nfeatures
Features.balanceTotalNumFeatures: 0

#--------------------------------------------------------------------------------------------
# ORB Parameters
#--------------------------------------------------------------------------------------------

# ORB Extractor: Number of features per image
ORBextractor.nFeatures: 1000

# ORB Extractor: Scale factor between levels in the scale pyramid
ORBextractor.scaleFactor: 1.2

# ORB Extractor: Number of levels in the scale pyramid
ORBextractor.nLevels: 8

# ORB Extractor: Fast threshold
# Image is divided in a grid. At each cell FAST are extracted imposing a minimum response.
# Firstly we impose iniThFAST. If no corners are detected we impose a lower value minThFAST
# You can lower these values if your images have low contrast
ORBextractor.iniThFAST: 20
ORBextractor.minThFAST: 7

#--------------------------------------------------------------------------------------------
# Line Segments Tracking
#--------------------------------------------------------------------------------------------


# Line.on: 1 is ON, 0 is OFF
Line.on: 1

# set to 0 if keeping all lines   
Line.nfeatures: 100
# number of levels in the scale pyramid	
Line.nLevels: 3
# scale factor between levels in the scale pyramid 
Line.scaleFactor: 1.2
# noise standard deviation on line extraction (in pixel)
Line.sigma: 2
# min. line length (relative to img size)
Line.minLineLength: 0.02
# weighting of lines w.r.t. points in success/failure tracking conditions 
Line.lineTrackWeigth: 2
# min. line length 3D (meters)
Line.minLineLength3D: 0.01
# mu weight for endpoint-endpoint dist in line 3D dist
Line.muWeightForLine3dDist: 0.3

# for using LSD extractor (much slower) instead of EDLine lines extractor
Line.LSD.on: 0

#--------------------------------------------------------------------------------------------
# Map Object 
#--------------------------------------------------------------------------------------------

# MapObject.on: 1 is ON, 0 is OFF
MapObject.on: 0
# Images of the planar objects (separated by empty spaces) 
MapObject.imgs: "teddy.png"
MapObject.numMinInliers: 20
MapObject.maxReprojectionError: 1
MapObject.maxSim3Error: 0.01

#--------------------------------------------------------------------------------------------
# KeyFrame Generation 
#--------------------------------------------------------------------------------------------

# on: 1 is ON, 0 is OFF
KeyFrame.fovCentersBasedGeneration.on: 1
KeyFrame.maxFovCentersDistance: 0.5

#--------------------------------------------------------------------------------------------
# Sparse Mapping
#--------------------------------------------------------------------------------------------

SparseMapping.filename: "sparse_map.map"
# use saved map on start: 1 is ON, 0 is OFF 
SparseMapping.reuseMap: 0 
# freeze map during optimizations: 1 is ON, 0 is OFF  
SparseMapping.freezeMap: 1
# save map on shutdown: 1 is ON, 0 is OFF
SparseMapping.saveMap: 0 
# force immediate relocalization (or wait for loop-closing thread for relocalization): 1 is ON, 0 is OFF
SparseMapping.forceRelocalization: 0

#--------------------------------------------------------------------------------------------
# Depth Noise Model
#--------------------------------------------------------------------------------------------

# used for scaling depth noise model
Depth.sigmaZfactor: 6

#--------------------------------------------------------------------------------------------
# PointCloud Mapping
#--------------------------------------------------------------------------------------------

# PointCloudMapping.on: 1 is ON, 0 is OFF
PointCloudMapping.on: 1

#PointCloudMapping.type: voxelgrid, octomap, octree_point, chisel, fastfusion, voxblox
# NOTE: chisel and fastfusion require rectified images if you do not use pointcloud generation 
PointCloudMapping.type: "octree_point"

PointCloudMapping.resolution: 0.02
PointCloudMapping.numKeyframesToQueueBeforeProcessing: 1
PointCloudMapping.downSampleStep: 2
PointCloudMapping.minDepth: 1
PointCloudMapping.maxDepth: 8
PointCloudMapping.removeUnstablePoints: 1
PointCloudMapping.resetOnSparseMapChange: 1
PointCloudMapping.kfAdjustmentOnSparseMapChange: 0

# [octree_point] specific params
