%YAML:1.0

#--------------------------------------------------------------------------------------------
# Viewer Parameters
#--------------------------------------------------------------------------------------------
# Viewer.on: 1 is ON, 0 is OFF
Viewer.on: 1

Viewer.KeyFrameSize: 0.05
Viewer.KeyFrameLineWidth: 1
Viewer.GraphLineWidth: 0.9
Viewer.PointSize: 1
Viewer.LineSize: 1
Viewer.CameraSize: 0.08
Viewer.CameraLineWidth: 3
Viewer.ViewpointX: 0
Viewer.ViewpointY: 0
Viewer.ViewpointZ: -1.8
Viewer.ViewpointF: 500

Viewer.ViewpointYtop: -4.0

#--------------------------------------------------------------------------------------------
# Camera Parameters.
#--------------------------------------------------------------------------------------------
Camera.type: "PinHole"

# D: (k1, k2, t1, t2, k3)

#     [fx  0 cx]
# K = [ 0 fy cy]
#     [ 0  0  1]
# Camera calibration and distortion parameters (f & c from rosNode)

#D: [0.0, 0.0, 0.0, 0.0, 0.0]
#K: [570.3422241210938, 0.0, 319.5, 0.0, 570.3422241210938, 239.5, 0.0, 0.0, 1.0]
#R: [1.0, 0.0, 0.0, 0.0, 1.0, 0.0, 0.0, 0.0, 1.0]
#P: [570.3422241210938, 0.0, 319.5, 0.0, 0.0, 570.3422241210938, 239.5, 0.0, 0.0, 0.0, 1.0, 0.0]


#D: [0.03025957484929489, -0.09482193293024753, -0.00181346457018687, -3.764272678083928e-05, 0.0]
#K: [539.7519027435015, 0.0, 316.0147071483232, 0.0, 538.3398732086945, 240.5915991553433, 0.0, 0.0, 1.0]
#R: [1.0, 0.0, 0.0, 0.0, 1.0, 0.0, 0.0, 0.0, 1.0]

# LF openni
#D: [0.04485, -0.093603, 0.000888, 0.003481, 0.0]
#K: [539.126844, 0.0, 319.005954, 0.0, 539.352462, 240.522856, 0.0, 0.0, 1.0]
#R: [1.0, 0.0, 0.0, 0.0, 1.0, 0.0, 0.0, 0.0, 1.0]

# LF openni2
#D: [0.0, 0.0, 0.0, 0.0, 0.0]
#K: [570.3422241210938, 0.0, 319.5, 0.0, 570.3422241210938, 239.5, 0.0, 0.0, 1.0]
#R: [1.0, 0.0, 0.0, 0.0, 1.0, 0.0, 0.0, 0.0, 1.0]

Camera.fx: 570.3422241210938
Camera.fy: 570.3422241210938
Camera.cx: 319.5
Camera.cy: 239.5

# NOTE: if you use  rectified  image the distortion params should be set to zero!
# see https://github.com/raulmur/ORB_SLAM2/issues/293
#Camera.k1:  0.05103599067629277
#Camera.k2:  -0.1520347528678994
#Camera.p1:  0.003990960785872419
#Camera.p2:  0.0
Camera.k1:  0.0
Camera.k2:  0.0
Camera.p1:  0.0
Camera.p2:  0.0

Camera.width: 640
Camera.height: 480

# Camera frames per second
Camera.fps: 30.0

# IR projector baseline times fx (aprox.)
# baseline
Camera.bf: 50.

# Color order of the images (0: BGR, 1: RGB. It is ignored if images are grayscale)
Camera.RGB: 0

# Image scale, it changes the image size to be processed (<1.0: reduce, >1.0: increase)
Camera.imageScale: 1.0 # 0.5 #0.7071 # 1/sqrt(2)

# Camera.waitCameraInfoOn: 1 is ON, 0 is OFF (before starting mapping wait for CameraInfo)
Camera.waitCameraInfoOn: 0

# Close/Far threshold. Baseline times.
ThDepth: 40.0

# Depthmap values factor
# RECT
# DepthMapFactor: 1
# RAW
# The default scale of an R200 device is one millimeter  from https://github.com/IntelRealSense/librealsense/blob/master/doc/projection.md#depth-image-formats
#DepthMapFactor: 1000.0
DepthMapFactor: 1.0

#--------------------------------------------------------------------------------------------
# Features Parameters
#--------------------------------------------------------------------------------------------

# if true ORBextractor.nFeatures will be decreased by Line.nfeatures
Features.balanceTotalNumFeatures: 0

#--------------------------------------------------------------------------------------------
# ORB Parameters
#--------------------------------------------------------------------------------------------

# ORB Extractor: Number of features per image
ORBextractor.nFeatures: 1000

# ORB Extractor: Scale factor between levels in the scale pyramid
ORBextractor.scaleFactor: 1.2

# ORB Extractor: Number of levels in the scale pyramid
ORBextractor.nLevels: 8

# ORB Extractor: Fast threshold
# Image is divided in a grid. At each cell FAST are extracted imposing a minimum response.
# Firstly we impose iniThFAST. If no corners are detected we impose a lower value minThFAST
# You can lower these values if your images have low contrast
ORBextractor.iniThFAST: 20
ORBextractor.minThFAST: 7

#--------------------------------------------------------------------------------------------
# Line Segments Tracking
#--------------------------------------------------------------------------------------------


# Line.on: 1 is ON, 0 is OFF
Line.on: 1

# set to 0 if keeping all lines   
Line.nfeatures: 100
# number of levels in the scale pyramid	
Line.nLevels: 3
# scale factor between levels in the scale pyramid 
Line.scaleFactor: 1.2
# noise standard deviation on line extraction (in pixel)
Line.sigma: 2
# min. line length (relative to img size)
Line.minLineLength: 0.02
# weighting of lines w.r.t. points in success/failure tracking conditions 
Line.lineTrackWeigth: 2
# min. line length 3D (meters)
Line.minLineLength3D: 0.01
# mu weight for endpoint-endpoint dist in line 3D dist
Line.muWeightForLine3dDist: 0.3

# for using LSD extractor (much slower) instead of EDLine lines extractor
Line.LSD.on: 0

#--------------------------------------------------------------------------------------------
# Map Object 
#--------------------------------------------------------------------------------------------

# MapObject.on: 1 is ON, 0 is OFF
MapObject.on: 0
# Images of the planar objects (separated by empty spaces) 
MapObject.imgs: "teddy.png"
MapObject.numMinInliers: 20
MapObject.maxReprojectionError: 1
MapObject.maxSim3Error: 0.01

#--------------------------------------------------------------------------------------------
# KeyFrame Generation 
#--------------------------------------------------------------------------------------------

# on: 1 is ON, 0 is OFF
KeyFrame.fovCentersBasedGeneration.on: 1
KeyFrame.maxFovCentersDistance: 0.5

#--------------------------------------------------------------------------------------------
# Sparse Mapping
#--------------------------------------------------------------------------------------------

SparseMapping.filename: "sparse_map.map"
# use saved map on start: 1 is ON, 0 is OFF 
SparseMapping.reuseMap: 0 
# freeze map during optimizations: 1 is ON, 0 is OFF  
SparseMapping.freezeMap: 1
# save map on shutdown: 1 is ON, 0 is OFF
SparseMapping.saveMap: 0 
# force immediate relocalization (or wait for loop-closing thread for relocalization): 1 is ON, 0 is OFF
SparseMapping.forceRelocalization: 1

#--------------------------------------------------------------------------------------------
# Depth Noise Model
#--------------------------------------------------------------------------------------------

# used for scaling depth noise model
Depth.sigmaZfactor: 6

#--------------------------------------------------------------------------------------------
# PointCloud Mapping
#--------------------------------------------------------------------------------------------

# PointCloudMapping.on: 1 is ON, 0 is OFF
PointCloudMapping.on: 1

#PointCloudMapping.type: voxelgrid, octomap, octree_point, chisel, fastfusion, voxblox
# NOTE: chisel and fastfusion require rectified images if you do not use pointcloud generation 
PointCloudMapping.type: "voxblox"

PointCloudMapping.resolution: 0.02
PointCloudMapping.numKeyframesToQueueBeforeProcessing: 1
PointCloudMapping.downSampleStep: 2
PointCloudMapping.minDepth: 0.1
PointCloudMapping.maxDepth: 5
PointCloudMapping.removeUnstablePoints: 1
PointCloudMapping.resetOnSparseMapChange: 1
PointCloudMapping.kfAdjustmentOnSparseMapChange: 0

# [octree_point] specific params
PointCloudMapping.pointCounterThreshold: 5

# [octree_point, chisel, voxblox] specific params 
# PointCloudMapping.useCarving: 1 is ON, 0 is OFF
PointCloudMapping.useCarving: 0

# depth filtering 
PointCloudMapping.filterDepth.on: 0
PointCloudMapping.filterDepth.diameter: 7
PointCloudMapping.filterDepth.sigmaDepth: 0.02
PointCloudMapping.filterDepth.sigmaSpace: 5

# for loading
# load dense map on start: 1 is ON, 0 is OFF
